left  0629.txt 194 0.91 59.07 54.73 0.44 46.42 42.16 0.59 65.57 61.95 
right 0629.txt 208 1.00 58.62 57.25 0.49 42.18 39.58 0.59 79.70 66.20 
left  0701.txt 162 0.78 81.67 81.14 0.27 64.30 61.78 0.57 89.43 90.06 
right 0701.txt 207 0.98 75.51 69.24 0.52 52.89 47.81 0.57 94.34 82.28 
left  0702.txt 200 0.91 65.59 62.40 0.43 53.77 50.58 0.66 73.53 70.22 
right 0702.txt 215 1.00 62.30 60.58 0.49 48.93 43.18 0.66 70.71 61.98 
left  0704.txt 161 0.81 75.36 73.00 0.31 75.24 72.19 0.49 94.83 95.21 
right 0704.txt 200 1.00 68.38 63.08 0.51 65.27 59.31 0.49 107.63 94.68 
left  0708.txt 152 0.98 63.43 64.03 0.40 41.78 39.03 0.52 73.00 69.80 
right 0708.txt 158 1.00 73.01 67.49 0.45 42.42 38.64 0.52 93.76 89.73 
left  0709.txt 149 0.96 45.76 41.36 0.44 40.00 35.63 0.46 54.47 46.66 
right 0709.txt 158 0.99 50.44 42.14 0.53 39.01 33.37 0.46 50.19 41.14 
left  0716.txt 117 0.94 69.54 67.08 0.17 62.90 59.76 0.35 66.07 60.55 
right 0716.txt 173 1.00 71.21 72.14 0.81 51.54 48.39 0.35 74.92 69.10 
left  0718.txt 149 0.89 61.56 57.84 0.29 48.40 46.00 0.69 72.85 69.92 
right 0718.txt 187 1.00 61.03 56.14 0.65 44.18 38.56 0.69 69.62 63.43 
left  0720.txt 180 0.90 92.13 91.96 0.70 55.47 52.66 0.65 87.85 91.05 
right 0720.txt 146 1.00 84.48 78.01 0.17 67.78 67.43 0.65 86.12 78.97 
left  0722.txt 188 0.98 53.37 48.83 0.54 43.01 40.26 0.84 65.61 56.58 
right 0722.txt 174 0.99 66.76 63.51 0.35 46.66 45.77 0.84 81.28 67.43 
left  0723.txt 136 0.91 82.13 83.21 0.25 50.99 52.05 0.54 79.91 79.63 
right 0723.txt 172 1.00 68.06 65.60 0.61 44.48 43.66 0.54 71.94 62.56 
left  0725.txt 166 0.90 63.25 60.36 0.53 45.69 42.53 0.65 76.07 72.42 
right 0725.txt 163 1.00 82.44 78.76 0.39 48.15 45.89 0.65 86.87 79.64 
left  0729.txt 159 0.91 50.42 45.45 0.39 38.50 33.82 0.69 58.96 50.48 
right 0729.txt 170 1.00 65.85 56.68 0.44 39.96 36.60 0.69 134.63 80.22 
left  0730.txt 182 0.96 67.87 64.47 0.51 42.40 38.18 0.80 75.63 75.38 
right 0730.txt 177 0.97 60.82 57.73 0.44 43.27 39.90 0.80 68.95 52.68 
left  0805.txt 151 0.98 61.58 58.06 0.21 71.95 69.13 0.70 68.24 62.40 
right 0805.txt 185 0.96 80.76 76.06 0.65 60.68 56.51 0.70 86.33 80.28 
left  0806.txt 177 0.94 52.26 48.44 0.47 39.28 34.62 0.80 54.11 47.42 
right 0806.txt 183 1.00 55.27 52.39 0.49 37.96 36.09 0.80 78.36 68.34 
left  0808.txt 152 0.77 50.02 45.06 0.38 35.73 33.67 0.75 56.38 52.70 
right 0808.txt 182 1.00 53.11 50.39 0.53 38.92 35.31 0.75 63.44 52.51 
left  0812.txt 184 0.85 62.47 59.28 0.55 43.19 41.84 0.90 91.42 92.05 
right 0812.txt 182 1.00 78.16 69.22 0.38 51.55 45.68 0.90 98.35 72.01 
left  0813.txt 176 0.94 60.06 59.39 0.48 45.66 44.68 0.79 64.07 58.29 
right 0813.txt 179 1.00 79.33 75.51 0.45 44.23 41.26 0.79 95.02 83.70 
left  0815.txt 187 0.97 60.11 54.22 0.56 39.10 36.52 0.80 68.30 61.38 
right 0815.txt 175 1.00 72.91 70.80 0.39 48.98 47.51 0.80 80.43 72.10 
left  0819.txt 134 0.88 63.43 64.14 0.13 58.56 60.13 0.68 76.99 72.81 
right 0819.txt 199 1.00 55.28 51.85 0.81 41.29 35.78 0.68 92.68 82.64 
left  0820.txt 187 0.96 46.00 42.80 0.74 39.40 36.73 0.64 59.78 49.91 
right 0820.txt 148 0.97 80.08 73.85 0.24 51.04 46.80 0.64 90.27 73.35 
left  0826.txt 172 0.98 60.59 56.23 0.21 51.45 46.30 0.96 55.97 52.90 
right 0826.txt 216 1.00 39.47 38.40 0.74 40.16 37.76 0.96 44.64 39.44 
left  0827.txt 180 0.95 59.15 55.76 0.44 52.21 49.70 0.86 66.96 62.15 
right 0827.txt 192 0.99 67.07 66.16 0.55 50.34 45.74 0.86 73.64 64.54 





