left  0629.txt 194 103 91 44 59  19  12  4  9  18  7  13  19  13  13  7  18  
right 0629.txt 208 108 100 49 59  20  5  4  11  20  12  13  20  13  13  12  20  
left  0701.txt 162 84 78 27 57  13  5  8  1  15  4  13  17  7  13  8  19 
right 0701.txt 207 109 98 52 57  20  9  8  15  19  10  13  20  7  13  9  19  
left  0702.txt 200 109 91 43 66  18  5  11  6  19  10  14  19  8  17  10  18  
right 0702.txt 215 115 100 49 66  20  14  11  10  20  9  14  20  8  17  9  20 
left  0704.txt 161 80 81 31 49  13  2  4  1  19  16  5  18  12  13  1  17 
right 0704.txt 200 100 100 51 49  20  11  4  12  20  3  5  20  12  13  18  20  
left  0708.txt 152 74 78 32 42  19  8  7  9  20  7  13  20  8  14  8  19  
right 0708.txt 158 78 80 36 42  20  9  7  10  20  7  13  20  8  14  10  20  
left  0709.txt 149 72 77 35 37  19  12  7  8  19  7  11  20  7  12  8  19  
right 0709.txt 158 79 79 42 37  20  8  7  11  20  11  11  20  7  12  12  19  
left  0716.txt 117 42 75 14 28  17  4  11  5  20  3  13  20  3  1  2  18  
right 0716.txt 173 93 80 65 28  20  16  11  15  20  16  13  20  3  1  18  20  
left  0718.txt 149 78 71 23 55  18  7  15  5  14  5  15  20  7  18  6  19  
right 0718.txt 187 107 80 52 55  20  13  15  12  20  15  15  20  7  18  12  20  
left  0720.txt 180 108 72 56 52  20  14  15  13  18  18  12  19  19  6  11  15  
right 0720.txt 146 66 80 14 52  20  5  15  3  20  1  12  20  19  6  5  20  
left  0722.txt 188 110 78 43 67  19  13  15  12  20  8  18  20  18  16  10  19  
right 0722.txt 174 95 79 28 67  20  5  15  7  20  7  18  20  18  16  9  19  
left  0723.txt 136 63 73 20 43  19  3  14  4  19  4  14  17  7  8  9  18  
right 0723.txt 172 92 80 49 43  20  13  14  15  20  11  14  20  7  8  10  20  
left  0725.txt 166 94 72 42 52  19  9  16  11  20  12  7  16  13  16  10  17  
right 0725.txt 163 83 80 31 52  20  9  16  8  20  4  7  20  13  16  10  20  
left  0729.txt 159 86 73 31 55  19  14  14  8  18  1  12  18  15  14  8  18  
right 0729.txt 170 90 80 35 55  20  5  14  10  20  10  12  20  15  14  10  20  
left  0730.txt 182 105 77 41 64  19  11  13  10  19  12  20  20  12  19  8  19  
right 0730.txt 177 99 78 35 64  18  8  13  9  20  7  20  20  12  19  11  20  
left  0805.txt 151 73 78 17 56  20  8  14  2  19  3  13  20  16  13  4  19  
right 0805.txt 185 108 77 52 56  18  12  14  12  19  14  13  20  16  13  14  20  
left  0806.txt 177 102 75 38 64  17  10  13  9  20  9  14  19  19  18  10  19  
right 0806.txt 183 103 80 39 64  20  9  13  10  20  10  14  20  19  18  10  20  
left  0808.txt 152 90 62 30 60  4  9  9  9  20  6  16  19  19  16  6  19  
right 0808.txt 182 102 80 42 60  20  8  9  9  20  13  16  20  19  16  12  20  
left  0812.txt 184 116 68 44 72  19  14  15  10  19  9  19  11  20  18  11  19  
right 0812.txt 182 102 80 30 72  20  6  15  9  20  7  19  20  20  18  8  20  
left  0813.txt 176 101 75 38 63  18  11  13  7  20  9  16  19  18  16  11  18  
right 0813.txt 179 99 80 36 63  20  9  13  12  20  6  16  20  18  16  9  20  
left  0815.txt 187 109 78 45 64  20  14  13  13  20  11  17  20  20  14  7  18  
right 0815.txt 175 95 80 31 64  20  5  13  7  20  8  17  20  20  14  11  20  
left  0819.txt 134 64 70 10 54  18  3  17  5  18  0  13  18  15  9  2  16  
right 0819.txt 199 119 80 65 54  20  15  17  14  20  19  13  20  15  9  17  20  
left  0820.txt 187 110 77 59 51  20  16  8  14  19  18  8  19  17  18  11  19  
right 0820.txt 148 70 78 19 51  19  3  8  6  19  1  8  20  17  18  9  20  
left  0826.txt 172 94 78 17 77  20  8  19  5  20  0  19  19  19  20  4  19  
right 0826.txt 216 136 80 59 77  20  12  19  13  20  18  19  20  19  20  16  20  
left  0827.txt 180 104 76 35 69  20  5  19  10  20  9  18  18  17  15  11  18  
right 0827.txt 192 113 79 44 69  20  15  19  9  19  11  18  20  17  15  9  20  




 

